Astability = [
   20.85     0.00     2.95    -2.65     5.93     0.00     0.00     0.00 
    6.22    -1.24    -1.21    -3.58     2.25     0.00     0.00     1.54 
    9.68     0.00     2.11    -0.42    -1.18     0.00     0.00     0.78 
   11.38    -0.06     1.33    -2.70     3.89     0.00     0.00     0.38 
    7.62    -0.03     0.30    -0.33     4.21     0.00     0.00     0.00 
];


bstability = [
];


Names = [
"1FKB_I76A"
"1TEN_E887G"
"1AYE_F67A"
"2CHF_A36G"
"1TEN_P826A"
];


