Astability = [
   25.16     0.00     1.68    -2.65     5.93     0.00     0.00     0.00 
    7.33    -1.90     0.43    -3.58     2.25     0.00     0.00     0.00 
   10.85     0.00     2.14    -0.42    -1.18     0.00     0.00     0.00 
   13.11     0.00     0.88    -2.70     3.89     0.00     0.00     0.00 
    9.35     0.00     0.39    -0.33     4.21     0.00     0.00     0.00 
];


bstability = [
];


Names = [
"1FKB_I76A"
"1TEN_E887G"
"1AYE_F67A"
"2CHF_A36G"
"1TEN_P826A"
];


