A = [
  -20.22    -5.71    -5.32    10.76     0.00     2.70     0.00 
  -19.84    -1.56    -4.82     6.32     0.00     2.70     0.00 
  -23.61     0.02    -2.51    -2.28     0.00     0.00     0.00 
  -10.87     0.39    -3.09     6.50     0.00     0.00     0.00 
  -35.56    -0.04    -5.92   -10.35     0.00     0.00     0.00 
];


b = [
  -26.08
  -10.91
  -21.83
   -9.53
  -29.12
];


Names = [
"1lyx-prot"
"1f2p-prot"
"1li6-prot"
"1rdj-prot"
"2c3l-prot"
];


